-6.324723778566018
-6.269454761008272
-6.257588471485353
-6.3016276950931
-6.224489040534973
-6.257215228817846
-6.2504886641325985
-6.303985008809779
-6.328534242872196
-6.287959794792208
-6.354467032823585
-6.250483034909873
-6.270926503726075
-6.317732558946295
-6.348021766367247
-6.429164184040228
-6.4062466434348435
-6.411321817677242
-6.340489786745589
-6.3734626192590085
-6.292554329524587
-6.309548573199555
-6.314148961516632
-6.315453148906279
-6.306851120692924
-6.278806010935786
-6.340550700684763
-6.309319331073661
-6.303213957433746
-6.245218377988911
-6.247351640253882
-6.224512422149401
-6.210626326784106
-6.214019192530176
-6.227351081144111
-6.265924484455023
-6.219154510657975
-6.2528801160579786
-6.243478375783358
-6.206816624254497
-6.172039209003386
-6.062072170935759
-6.0662892855271044
-6.014910321855539
-5.951204460722339
-5.957115729422016
-5.969206113694345
-5.946796113967502
-5.9388838379300655
-6.031774019123029
-6.068745003398509
-6.057876234036745
-6.115915065968658
-6.137099612751408
-6.13414335959301
-6.134870917569592
-6.157515359222325
-6.190323661015974
-6.194010053173309
-6.199049550707096
-6.127957379804337
-6.129407899695066
-6.148389812369453
-6.17205815484769
-6.211416480454008
-6.243984502327775
-6.291767340297284
-6.152597433575023
-6.17003587638473
-6.141551472722366
-6.133422237764456
-6.165898734556498
-6.243033761976434
-6.285224611205242
-6.266529013855041
-6.30448606214014
-6.217216001189474
-6.26644419375762
-6.328536538937706
-6.293364962588313
-6.298425485791879
-6.244243286449693
-6.350665892354178
-6.298749856403939
-6.270670979743652
-6.312834992628662
-6.250552310284669
-6.2826433791084515
-6.276159793812255
-6.264911169504503
-6.243616790214139
-6.23029271530725
-6.166861341687138
-6.265641801138895
-6.28997151447261
-6.294575311999832
-6.3068356457307155
-6.3298939456769565
-6.408007634699522
-6.392542989260085
-6.358668003791472
-6.3904022667232905
-6.4052619849195
-6.492321324853249
-6.423268710218653
-6.4133626721813695
-6.324766258862959
-6.368555970181784
-6.427597331893078
-6.365546842660271
-6.354414451033679
-6.326957318458514
-6.354090200541537
-6.369273710383149
-6.356928219732684
-6.384521910869698
-6.412440847302388
-6.400580726037558
-6.397239856975632
-6.35781723363758
-6.393203163552726
-6.429244817853829
-6.441303874089548
-6.419711549757376
-6.427885076661524
-6.500315614491125
-6.373764264275677
-6.383473299737814
-6.434591761197019
-6.391042959049772
-6.378863853538424
-6.333403291298095
-6.350873154320255
-6.255003952280301
-6.2393059657094865
-6.254831903229434
-6.278377446382139
-6.280265430741273
-6.313343145453117
-6.332184106717688
-6.353421394251962
-6.337715554645002
-6.325859210475132
-6.274113074912209
-6.313154576175855
-6.298147101172457
-6.259339372010337
-6.323499509975177
-6.3012252562358535
-6.394630779029827
-6.346011330692454
-6.402598840936515
-6.406150166174664
-6.367777157013193
-6.323507300735875
-6.376285017085675
-6.3598994327455705
-6.367715415561183
-6.356303805452332
-6.319120449459813
-6.235102170789037
-6.305536446319414
-6.307094531032652
-6.278542384331525
-6.284393318639867
-6.208752532175129
-6.272381829445745
-6.249511029335087
-6.228285149149318
-6.130913663052152
-6.130954844138814
-6.210330983646554
-6.213184506753382
-6.237697503226503
-6.335810696418193
-6.268674821348413
-6.283653383390351
-6.269810039766097
-6.296699563289762
-6.295652855996972
-6.251133910506539
-6.257762268950204
-6.326582909158687
-6.369842899586481
-6.351927949699446
-6.297697110715434
-6.3001288636763855
-6.25332087329807
-6.3062292699847475
-6.196129542871285
-6.200350529170472
-6.205766742014156
-6.16877088228421
-6.20344062820628
-6.13838474113853
-6.180681547608287
-6.179981771873004
-6.255089744403547
-6.2134487555016635
-6.280853329310195
-6.321245792949459
-6.2702368467918745
-6.221551843369463
-6.158237320622871
-6.179185345190462
-6.22552834529841
-6.2286175430169575
-6.265159719803677
-6.225398961187786
-6.284539412617659
-6.203108379093679
-6.2698725902241375
-6.242563871064738
-6.21842352066167
-6.20913588260614
-6.262046761889846
-6.279924840868653
-6.297225100204707
-6.247797719491247
-6.244538904814203
-6.157871143085695
-6.135622119187652
-6.16999446707202
-6.193007162595856
-6.18676513707846
-6.218834964179
-6.195651121950722
-6.322752526626327
-6.289125009075607
-6.328049498290243
-6.307128098332779
-6.284501252906299
-6.269611214431477
-6.325532011542915
-6.314056399027612
-6.240169282725683
-6.242885978462951
-6.258784289070444
-6.289343500917313
-6.287023053320216
-6.272423433255722
-6.191057451286348
-6.1966703986568925
-6.175278230083864
-6.20466799491917
-6.1273914805173195
-6.165485874345092
-6.1714124025100565
-6.184723513293277
-6.089362982519326
-6.10087505861098
-6.149949111018948
-6.179717881687059
-6.264866730978958
-6.23229338058755
-6.201220837765007
-6.187877019399597
-6.232313772307121
-6.243580197360108
-6.21402507831895
-6.270911807862304
-6.272965492452653
-6.335039793091758
-6.307634621168138
-6.2903608634928325
-6.345212716821135
-6.370696803581318
-6.401229344389185
-6.412044290051547
-6.296015354371224
-6.317435330641367
-6.3552546991405405
-6.32660433369438
-6.3877109074350455
-6.383057652535275
-6.366850526792293
-6.4543237334048715
-6.420973308101371
-6.374886101358272
-6.395817826617593
-6.344410496872497
-6.360447677918642
-6.376596103946451
-6.376159166752758
-6.339070711707755
-6.3323758928963105
-6.258152417426092
-6.291836586414984
-6.28354049062668
-6.299541120067207
-6.323684876574995
-6.337585896471647
-6.3372041894226685
-6.329377458936559
-6.364089242159389
-6.317660925231086
-6.378333751461787
-6.351768154970411
-6.335288670284333
-6.317351881802153
-6.324237069744629
-6.298689513788463
-6.2554707360161945
-6.251506329794648
-6.275794670619043
-6.265742919732808
-6.225362464640657
-6.257047073740106
-6.232367593963557
-6.196035160808144
-6.162868228281604
-6.159462214915058
-6.211168804782488
-6.153593938437323
-6.1620083880952885
-6.131871970665736
-6.122334537253897
-6.160036013721613
-6.208907211679874
-6.194331872517366
-6.187598947839888
-6.150228543108362
-6.134468077623598
-6.111918657076736
-6.127480815230615
-6.169046057156477
-6.183075206340904
-6.0995986644158675
-6.1368434542790045
-6.169179948686805
-6.220719030988018
-6.15059128308886
-6.222611356575542
-6.273105510629832
-6.325415779743928
-6.267881077670182
-6.201771509297102
-6.203079193249425
-6.1236394607824645
-6.15369465365732
-6.132715860750403
-6.233836514352362
-6.216075789231941
-6.132213302403122
-6.096704121618969
-6.111135518149484
-6.100399265293737
-6.110561476093257
-6.138133664700518
-6.102357203041953
-6.1627470831959075
-6.2217115955146465
-6.196413235553557
-6.201325149551
-6.207513656069372
-6.178125255416315
-6.090642287978617
-6.11671079505974
-6.021874054809851
-6.025697568424024
-6.099582693752773
-6.130798551140886
-6.109621730439617
-6.116055522598737
-6.195220359324339
-6.117953564857026
-6.090073273585585
-6.083093058006972
-6.059044609259623
-6.017542740935389
-6.124662760809305
-6.1217485435955785
-6.151835514042091
-6.163660755968282
-6.163671777346422
-6.197329779811129
-6.179259245395516
-6.203278266535568
-6.174800300083649
-6.175577215422653
-6.170151799111305
-6.141823888611909
-6.141987028038552
-6.144183915522221
-6.119151885915653
-6.132856064577661
-6.1228200424522035
-6.126500995631065
-6.166690892817277
-6.170065808448901
-6.140345740534719
-6.1768335423334735
-6.217591887828552
-6.198929300844337
-6.204084283209796
-6.258756471913502
-6.263193829172125
-6.217687301741622
-6.317589029409933
-6.305988229035891
-6.340429504039722
-6.312420123354302
-6.322007235154898
-6.344455079705979
-6.269470231290034
-6.227302241368346
-6.229626773300983
-6.214545419831943
-6.233052030410711
-6.2183215652303
-6.141321891237206
-6.131884639250107
-6.177843205572379
-6.201197849845404
-6.202001974577217
-6.212973747000351
-6.284129136411693
-6.319516169645715
-6.24713873959414
-6.200719681340117
-6.188501450494879
-6.169137827540781
-6.206450997695673
-6.203979240629075
-6.261067324491014
-6.211143394428988
-6.256693829722532
-6.3034631609154035
-6.325778087643345
-6.242295956452103
-6.205421645944669
-6.22472724481819
-6.1742769962435124
-6.203327305027915
-6.206411383209615
-6.228077254051875
-6.259188958603222
-6.326701772051032
-6.282373117461795
-6.255141356771901
-6.195432101556945
-6.186237855730019
-6.2674821152560645
-6.232363886176872
-6.2021376910013855
-6.130068458505023
-6.133073701775044
-6.136391253580107
-6.1711888516833735
-6.214241404874236
-6.179237118925011
-6.2607162844301465
-6.275766340121196
-6.279439093043652
-6.209213742601223
-6.272290717148352
-6.233563501498036
-6.237254870308958
-6.294149245523094
-6.3510165973878285
-6.2943269101754975
-6.317547513864324
-6.249606311755192
-6.199338201736993
-6.213799786066207
-6.1789017753059134
-6.1767078048449715
-6.202084712930549
-6.184932843423155
-6.168796256995094
-6.165565130256589
-6.25297628212534
-6.241692408407803
-6.2537484935131555
-6.287595632241932
-6.262868450591144
-6.270778733971561
-6.25752468485606
-6.312559484402721
-6.27548486225719
-6.30637645749658
-6.256610870830218
-6.301745469658727
-6.3188788853469475
-6.400860612742381
-6.419841995367437
-6.353720116181314
-6.356466524370419
-6.307884373505491
-6.348659317163127
-6.329693963310046
-6.3876150451405715
-6.371035228567978
-6.33399787410614
-6.323534210224743
-6.373795357529219
-6.341856949947871
-6.310672517096805
-6.249280359620884
-6.243941246009978
