11.55002594  0.00000000
11.65007687  0.00000000
11.75012779  0.00000000
11.85017967  0.00000000
11.95023060  0.00000000
12.05028152  0.00000000
12.15033340  0.00000000
12.25038433  0.00000000
12.35043526  0.00000000
12.45048618  0.00000000
12.55053711  0.00000000
12.65058899  0.00000000
12.75063992  0.00000000
12.85069084  0.00000000
12.95074272  0.00000000
13.05079365  0.00000000
13.15084457  0.00000000
13.25089550  0.00000000
13.35094643  0.00000000
13.45099831  0.00000000
13.55104923  -0.00005161
13.65110016  0.00044938
13.75115204  0.01433642
13.85120392  0.07666377
13.95125389  0.26070606
14.05130577  0.44080736
14.15135574  0.39805062
14.25140858  -0.47120151
14.35145855  -2.86965799
14.45151138  -6.09766286
14.55156231  -8.60375650
14.65161324  -9.02536204
14.75166416  -8.37107222
14.85171509  -6.70948506
14.95176697  -4.13946664
15.05181789  -0.06205206
15.15186882  3.70882751
15.25192070  6.24717963
15.35197163  7.51126285
15.45202255  7.60656336
15.55207348  7.13385174
15.65212440  8.50286728
15.75217628  11.87312630
15.85222721  12.44969781
15.95227814  9.78876649
16.05233002  4.84281134
16.15237999  1.36112261
16.25243187  -1.63173644
16.35248375  -4.06408039
16.45253372  -6.05220080
16.55258560  -6.84201889
16.65263748  -6.68885453
16.75268936  -6.56043809
16.85273933  -6.44207506
16.95279121  -6.22780757
17.05284119  -4.46801018
17.15289307  -3.19025867
17.25294495  -1.48674590
17.35299683  -0.83814343
17.45304680  -0.24213652
17.55309868  -0.09664280
17.65314865  0.17977695
17.75320053  0.26086096
17.85325241  0.54606194
17.95330238  0.50539285
18.05335426  0.43870531
18.15340424  0.03200231
18.25345612  -0.03049955
18.35350800  0.09426793
18.45355797  0.40323049
18.55360985  0.59819140
18.65366173  0.20561827
18.75371170  -0.23373156
18.85376358  -0.84560441
18.95381546  -0.97006894
19.05386734  -0.71423304
19.15391731  -0.25218409
19.25396919  0.56821241
19.35401917  1.40550571
19.45407104  1.74289334
19.55412102  1.72535945
19.65417480  1.65178622
19.75422287  1.25637943
19.85427666  0.92419463
19.95432663  0.44624191
20.05437851  -0.02398934
20.15442848  -0.47287732
20.25448036  -0.58655252
20.35453415  -1.04286362
20.45458221  -0.98019030
20.55463409  -1.22753865
20.65468597  -1.14869977
20.75473785  -0.81071118
20.85478783  -0.78955141
20.95483780  -0.51515077
21.05488968  -0.38708250
21.15494156  0.06108222
21.25499344  0.19233543
21.35504532  0.57572353
21.45509529  0.59926126
21.55514717  0.76444006
21.65519714  0.79421133
21.75524712  0.85947022
21.85530090  0.43354261
21.95535278  0.16232987
22.05540085  -0.34676172
22.15545273  -0.45184774
22.25550652  -1.09169813
22.35555649  -1.22929777
22.45560646  -1.45349670
22.55565643  -1.42544330
22.65571213  -1.15784108
22.75576019  -1.12171681
22.85581207  -0.84027159
22.95586014  -0.63405683
23.05591583  -0.52510477
23.15596581  -0.35672665
23.25601578  -0.24752438
23.35607147  -0.17644497
23.45611954  -0.19511130
23.55617142  -0.12820628
23.65621948  -0.03888378
23.75627518  -0.13844140
23.85632515  0.04540363
23.95637512  -0.03897521
24.05642509  -0.11269596
24.15647888  0.14458577
24.25653076  0.23679642
24.35657883  0.14438356
24.45663071  0.05470564
24.55668449  -0.01340222
24.65673447  -0.17922904
24.75678444  -0.35197336
24.85683441  -0.60104913
24.95689011  -0.48563758
25.05693817  -0.29069098
25.15699005  -0.36977937
25.25703812  -0.38366034
25.35709381  -0.25801484
25.45714378  -0.09103241
25.55719376  -0.29778055
25.65724945  0.00927589
25.75729752  0.25446079
25.85734940  -0.13316117
25.95739746  0.39435467
26.05745316  0.49709883
26.15750313  0.40989445
26.25755310  0.50859053
26.35760307  0.54800678
26.45765686  0.60025104
26.55770874  0.27775627
26.65775681  0.11424020
26.75780869  0.08761833
26.85786247  -0.08965167
26.95791245  -0.27576917
27.05796242  -0.35024642
27.15801239  -0.47423218
27.25806808  -0.45733339
27.35811615  -0.46032373
27.45816803  -0.59742949
27.55821609  -0.52060843
27.65827179  -0.65760749
27.75832176  -0.79894421
27.85837173  -0.46085703
27.95842171  -0.86369234
28.05847549  -0.72327387
28.15852737  -0.54165148
28.25857544  -0.74369705
28.35863113  -0.82723075
28.45868111  -0.30360638
28.55873108  -0.69408988
28.65878105  -0.54453213
28.75883484  -0.81889596
28.85888672  -0.76975324
28.95893478  -0.83023335
29.05898666  -1.16991195
29.15904045  -1.46799022
29.25909042  -1.21517800
29.35914040  -1.51709608
29.45919037  -2.13348660
29.55924606  -2.39978030
29.65929413  -2.83519804
29.75934601  -2.31583143
29.85939407  -1.91002796
29.95944977  0.05870010
30.05949974  1.49055274
30.15954971  2.84846870
30.25959969  3.74824924
30.35965347  4.35584741
30.45970535  5.12474960
30.55975342  4.52951608
30.65980721  3.66909478
30.75985909  3.10423679
30.85990906  2.76646927
30.95995903  1.47881766
31.06001282  0.23230191
31.16006470  -0.34953368
31.26011276  -0.89118542
31.36016464  -1.55940233
31.46021843  -2.53527290
31.56026840  -2.32572828
31.66031837  -2.51565192
31.76036835  -2.51367883
31.86042404  -2.56801680
31.96047211  -2.31172799
32.06052399  -2.12366775
32.16057587  -1.53879941
32.26062775  -1.42329530
32.36067963  -1.06027367
32.46072769  -0.58352655
32.56078339  -0.60123736
32.66083145  -0.13159646
32.76088333  0.10206147
32.86093140  0.10875371
32.96098709  0.37060165
33.06103516  0.47339544
33.16108704  0.20694579
33.26113892  0.93098894
33.36119080  0.24105985
33.46124268  0.24526989
33.56129074  0.21045221
33.66134262  0.46263879
33.76139832  0.33444022
33.86144638  0.27383738
33.96149445  0.56139861
34.06154633  0.43436399
34.16160202  0.61642953
34.26165009  0.91942507
34.36170197  1.15200058
34.46175003  1.16518216
34.56180573  1.34158539
34.66185760  1.35856426
34.76190567  1.04695438
34.86196136  1.15582438
34.96200943  0.78655208
35.06206131  0.96706481
35.16210938  0.49368535
35.26216507  0.09640055
35.36221313  -0.15132601
35.46226501  -0.34677820
35.56231689  -0.22755802
35.66236877  -0.50331031
35.76242065  -0.66820558
35.86246872  -0.52538703
35.96252060  -0.53235701
36.06257629  -0.71656182
36.16262436  -0.58483344
36.26267242  -0.75013130
36.36272430  -0.56332340
36.46278000  -0.49995176
36.56282806  -0.56944587
36.66287994  -0.28651992
36.76292801  -0.45283886
36.86298370  -0.32085388
36.96303558  -0.26332348
37.06308365  -0.46775578
37.16313934  -0.21270788
37.26318741  0.05410924
37.36323929  -0.08475957
37.46328735  -0.07373746
37.56334305  0.14701904
37.66339111  -0.06876966
37.76344299  0.00021866
37.86349487  0.06873606
37.96354675  -0.00280129
38.06359863  -0.23698569
38.16364670  0.55661049
38.26369858  0.05136874
38.36375427  0.11963336
38.46380234  0.09902073
38.56385040  -0.17509443
38.66390228  0.18324778
38.76395798  0.30648032
38.86400604  -0.14293331
38.96405792  0.16303878
39.06410599  -0.02530693
39.16416168  0.02051126
39.26421356  0.08114148
39.36426163  -0.13254204
39.46430969  0.19723334
39.56436539  0.07023902
39.66441727  -0.00392173
39.76446533  -0.21425396
39.86452103  0.06125997
39.96456909  0.06996931
40.06462097  0.03417109
40.16467285  -0.10408166
40.26472473  -0.01910933
40.36477661  -0.20768257
40.46482468  0.00533908
40.56487656  0.05528656
40.66493225  0.09929267
40.76498032  0.10259906
40.86502838  0.07148227
40.96508026  -0.27569929
41.06513596  0.28331394
41.16518402  -0.04286016
41.26523590  0.03430551
41.36528397  -0.12402051
41.46533966  -0.04876605
41.56539154  0.13243350
41.66543961  -0.01604433
41.76548767  0.29283137
41.86554337  0.04787931
41.96559525  0.07431499
42.06564331  0.07782877
42.16569519  0.06044605
42.26574707  0.00314520
42.36579895  0.14486048
42.46585083  0.24019998
42.56590271  0.02021740
42.66595459  0.10199316
42.76600266  0.23749581
42.86605453  -0.24744503
42.96611023  0.35741007
43.06615829  0.12158063
43.16620636  -0.00957041
43.26625824  -0.39686253
43.36631393  0.20750272
43.46636200  0.20581129
43.56641388  -0.28651887
43.66646194  -0.11143677
43.76651764  -0.21008954
43.86656952  0.08313676
43.96661758  -0.34525726
44.06666565  -0.03065245
44.16672134  -0.06967904
44.26677322  -0.14307618
44.36682129  -0.23937704
44.46687317  -0.04962900
44.56692505  -0.07737674
44.66697693  -0.18947660
44.76702881  -0.18050063
44.86708069  0.13851752
44.96713257  -0.11294702
45.06718063  0.14720455
45.16723251  0.00187127
45.26728821  0.29864247
45.36733627  -0.19171087
45.46738434  -0.18306065
45.56743622  -0.16317722
45.66749191  0.14132534
45.76753998  0.07271647
45.86759186  -0.01209580
45.96763992  0.11803313
46.06769562  0.36834597
46.16774750  -0.38943640
46.26779556  0.01443932
46.36784363  0.14287857
46.46789932  0.01517821
46.56795120  0.24593649
46.66799927  0.03668449
46.76805115  -0.25445848
46.86810303  0.21995522
46.96815491  -0.01009128
47.06820679  -0.14883486
47.16825485  -0.10490971
47.26831055  0.13763115
47.36835861  0.08619056
47.46841049  -0.06120290
47.56846619  0.23180111
47.66851425  0.26492511
47.76856232  -0.03146632
47.86861420  0.02840625
47.96866989  0.01255737
48.06871796  0.23452412
48.16876984  -0.03005900
48.26881790  -0.13721704
48.36887360  0.03822768
48.46892548  -0.02151070
48.56897354  -0.00818477
48.66902161  0.00806607
48.76907730  -0.01070774
48.86912918  -0.10569508
48.96917725  0.02379327
49.06922913  -0.14519830
49.16928101  -0.21120695
49.26933289  0.03812486
49.36938477  -0.26339735
49.46943283  0.10533558
49.56948853  -0.37352878
49.66953659  0.04970810
49.76958847  -0.02769566
49.86964417  -0.24969094
49.96969223  0.23013249
50.06974030  0.04237190
50.16979218  -0.03000192
50.26984787  -0.16589379
50.36989594  0.10082312
50.46994781  0.12146586
50.56999588  0.07916884
50.67005157  0.00793034
50.77010345  0.11969737
50.87015152  -0.15713679
50.97019958  -0.09172922
51.07025528  0.09122088
51.17030716  0.43964887
51.27035522  0.00412475
51.37040710  0.04884079
51.47045898  0.01157926
51.57051086  0.03279852
51.67056274  -0.01986114
51.77061462  -0.01237768
51.87066650  0.11359124
51.97071457  0.18318406
52.07076645  0.03464445
52.17081451  0.15423008
52.27087021  -0.16035155
52.37091827  0.15236761
52.47097397  -0.12387405
52.57102585  -0.02458193
52.67107391  -0.10042353
52.77112579  0.03473820
52.87117386  -0.07103676
52.97122955  -0.01066987
53.07128143  0.15925994
53.17132950  -0.06160235
53.27138519  -0.05914148
53.37143326  -0.13424927
53.47148514  -0.09569288
53.57153320  -0.04729510
53.67158508  -0.04404151
53.77163696  -0.40516080
53.87168884  -0.01064154
53.97174072  -0.19018188
54.07179260  0.12229154
54.17184448  -0.28829314
54.27189255  -0.05636619
54.37194443  -0.06060661
54.47199249  0.18036957
54.57204819  -0.11520324
54.67209625  0.03570372
54.77214813  -0.18020925
54.87220383  0.04980900
54.97225189  0.12039432
55.07230377  -0.19317172
55.17235184  0.09883313
55.27240753  -0.01251879
55.37245941  0.20595681
55.47250748  -0.08562866
55.57256317  0.19978830
55.67261124  0.11685236
55.77266312  0.22893005
55.87271118  0.07956887
55.97276306  -0.12224690
56.07281494  0.45273095
56.17286682  0.11084701
56.27291870  0.32890407
56.37297058  -0.05957294
56.47302246  0.20798463
56.57307053  0.00907091
56.67312241  0.06134325
56.77317047  -0.23131744
56.87322617  -0.03164735
56.97327423  -0.14880584
57.07332611  0.21292021
57.17338181  -0.18296295
57.27342987  -0.08759925
57.37348175  -0.08048086
57.47352982  -0.14042046
57.57358170  -0.09843702
57.67363739  -0.08465023
57.77368546  -0.20716144
57.87374115  -0.01587993
57.97378922  -0.11408342
58.07384109  -0.05595202
58.17388916  -0.09187271
58.27394104  0.27908446
58.37399292  -0.07741007
58.47404480  -0.23105036
58.57409668  0.09120777
58.67414856  -0.00776459
58.77420044  -0.14762849
58.87424850  -0.05431653
58.97430038  0.21167016
59.07434845  -0.16375145
59.17440414  -0.18319145
59.27445221  0.24741333
59.37450409  0.00400484
59.47455978  -0.08745212
59.57460785  -0.04672437
59.67465973  0.22959729
59.77470779  0.12453747
59.87475967  -0.07944222
59.97481537  0.46011316
60.07486343  -0.21185355
60.17491913  0.00740179
60.27496719  0.03581376
60.37501907  0.26531408
60.47506714  -0.06964326
60.57511902  -0.11930437
60.67517090  -0.10364691
60.77522278  0.07846928
60.87527466  -0.02874674
60.97532654  0.16943776
61.07537842  0.00752711
61.17542648  0.19934214
61.27547836  -0.20994486
61.37552643  0.08731453
61.47558212  -0.11886850
61.57563019  0.33560393
61.67568207  -0.21067911
61.77573776  -0.06575772
61.87578583  -0.10083125
61.97583771  0.10055490
62.07588577  0.18181351
62.17593765  -0.00027793
62.27599335  -0.11351698
62.37604141  -0.03585963
62.47608948  0.09243155
62.57614517  -0.00447084
62.67619705  -0.03936904
62.77624512  0.22503362
62.87629700  -0.05254813
62.97634888  -0.08985406
63.07640076  0.21453525
63.17645264  0.22111218
63.27650452  -0.03782376
63.37655640  0.35040852
63.47660446  -0.20028513
63.57665634  -0.08066450
63.67670441  0.40734088
63.77676010  -0.11051304
63.87680817  0.09124763
63.97686005  -0.31711194
64.07691193  -0.03641193
64.17696381  0.05467926
64.27701569  -0.25976480
64.37706757  0.03968140
64.47711182  -0.13814126
64.57717133  -0.01213894
64.67721558  -0.19582136
64.77726746  0.11280378
64.87732697  -0.10642440
64.97737122  -0.04543481
65.07742310  0.02949455
65.17747498  -0.15597195
65.27752686  -0.02799378
65.37757874  -0.27314460
65.47763062  -0.08719660
65.57768250  0.27367070
65.67773438  -0.29449651
65.77778625  -0.30490528
65.87783051  0.11070014
65.97788239  -0.23845249
66.07794189  0.05610861
66.17798615  0.14065070
66.27803802  -0.17603588
66.37808990  -0.04473755
66.47814178  -0.05977832
66.57819366  0.06900950
66.67824554  -0.08120830
66.77828979  0.22890592
66.87834930  0.00569272
66.97839355  0.29885264
67.07844543  0.15699796
67.17850494  -0.28443716
67.27854919  0.27484415
67.37860107  -0.09993156
67.47865295  0.15691208
67.57870483  0.01414026
67.67875671  0.12591798
67.77880859  -0.26389454
67.87886047  -0.02171412
67.97891235  -0.23230600
68.07896423  0.05110561
68.17900848  -0.00823047
68.27906036  0.08334109
68.37911987  0.12920902
68.47916412  0.27466708
68.57921600  -0.08770966
68.67926788  0.07426733
68.77931976  0.00361297
68.87937164  0.10388286
68.97942352  0.12283600
69.07946777  -0.03253423
69.17952728  -0.20646681
69.27957153  0.17689170
69.37962341  0.02918823
69.47968292  -0.05098506
69.57972717  0.10890830
69.67977905  -0.27548719
69.77983093  0.19803444
69.87988281  -0.03258798
69.97993469  0.08256702
70.07998657  -0.06699040
70.18003845  0.06680963
70.28009033  -0.03822325
70.38014221  -0.22053961
70.48018646  0.04759533
70.58023834  0.21730933
70.68029785  -0.12416656
70.78034210  0.13571654
70.88039398  -0.13089449
70.98044586  0.09372451
71.08049774  0.12038993
71.18054962  -0.24049687
71.28060150  0.03184388
71.38064575  0.02423098
71.48070526  -0.25153826
71.58074951  0.02656050
71.68080139  -0.00347295
71.78086090  0.02911211
71.88090515  -0.02231060
71.98095703  -0.00925805
72.08100891  0.05321208
72.18106079  -0.06719993
72.28111267  -0.06001499
72.38116455  -0.08131797
72.48121643  0.29481288
72.58126831  0.12824093
72.68132019  -0.38887103
72.78136444  0.10940392
72.88141632  -0.01216964
72.98146820  0.20721439
73.08152008  -0.19319354
73.18157196  0.17860898
73.28162384  0.26498199
73.38167572  0.04265138
73.48172760  -0.18245710
73.58177948  -0.01844450
73.68182373  0.11535553
73.78188324  -0.12611247
73.88192749  0.06508228
73.98197937  -0.27889896
74.08203888  -0.09274343
74.18208313  -0.11996089
74.28213501  0.28762732
74.38218689  -0.21543075
74.48223877  -0.02328896
74.58229065  -0.00331395
74.68234253  -0.06971791
74.78239441  -0.02427116
74.88244629  0.04031646
74.98249817  0.16353663
75.08254242  -0.01718175
75.18259430  -0.29609465
75.28264618  0.15852367
75.38269806  -0.01183101
75.48274994  0.22656815
75.58280182  -0.13778268
75.68285370  -0.04585786
75.78290558  -0.29238777
75.88295746  0.10544092
75.98300171  -0.25566504
76.08306122  0.16559355
76.18310547  -0.02376079
76.28315735  -0.09148487
76.38321686  0.24436913
76.48326111  -0.23003036
76.58331299  0.44628262
76.68336487  -0.26439895
76.78341675  0.31909668
76.88346863  0.06435303
76.98352051  0.34750084
77.08357239  0.08284436
77.18362427  -0.17790704
77.28367615  0.29915950
77.38372040  -0.11589040
77.48377228  0.20243739
77.58382416  -0.22452168
77.68387604  0.37506336
77.78392792  0.03972085
77.88397980  -0.00515509
77.98403168  -0.20977279
78.08408356  0.16482095
78.18413544  -0.17435498
78.28417969  -0.26879109
78.38423920  -0.33508952
78.48428345  -0.08201621
78.58433533  -0.34379468
78.68439484  -0.16300394
78.78443909  -0.19948902
78.88449097  -0.09655399
78.98454285  -0.03862278
79.08459473  0.15422623
79.18464661  -0.08383302
79.28469849  0.14779290
79.38475037  -0.00511411
79.48480225  0.21831262
79.58485413  0.01358226
79.68489838  0.24567633
79.78495026  0.11034967
79.88500214  0.24871093
79.98505402  0.05468931
80.08510590  0.08293508
80.18515778  0.11493100
80.28520203  0.21838737
80.38525391  0.01359559
80.48530579  0.05815038
80.58535767  -0.26304635
80.68540955  -0.04224641
80.78546143  0.24089611
80.88551331  -0.08552874
80.98556519  -0.06976679
81.08561707  -0.24284033
81.18566895  -0.12443602
81.28571320  0.02593847
81.38576508  -0.32232264
81.48582458  0.01633290
81.58587646  0.01042464
81.68592834  0.00529048
81.78597260  -0.11580799
81.88602448  0.00723941
81.98607635  0.14808924
82.08612061  -0.01556339
82.18617249  -0.25593685
82.28623199  0.03532081
82.38628387  0.09919278
82.48633575  0.08030431
82.58638000  0.17907252
82.68643188  -0.34144002
82.78648376  -0.03288766
82.88653564  0.34943494
82.98658752  -0.00804274
83.08663940  -0.20935451
83.18669128  0.11837963
83.28674316  0.11676582
83.38679504  -0.29548778
83.48684692  0.33176813
83.58689117  -0.08572564
83.68694305  0.03504183
83.78700256  0.27259473
83.88705444  -0.33945091
83.98710632  0.16031859
84.08715057  0.20970357
84.18720245  -0.11874812
84.28725433  -0.13890382
84.38729858  0.14643396
84.48735046  0.01025781
84.58740997  -0.06159816
84.68746185  0.17430391
84.78751373  -0.18398379
84.88755798  0.01312756
84.98760986  0.06694959
85.08766174  -0.02805807
85.18771362  -0.21387335
85.28776550  0.04928409
85.38781738  -0.04134806
85.48786926  -0.01465998
85.58792114  0.14168034
85.68797302  0.01773238
85.78802490  -0.04972056
85.88806915  0.12202593
85.98812103  -0.14800818
86.08818054  0.07992636
86.18823242  -0.15253284
86.28828430  0.03152279
86.38832855  -0.16437137
86.48838043  0.10223075
86.58843231  -0.10323633
86.68847656  0.03322488
86.78852844  0.03443505
86.88858795  -0.24613831
86.98863983  0.08330367
87.08869171  -0.05166860
87.18873596  -0.03135405
87.28878784  0.09160188
87.38883972  -0.03504076
87.48889160  -0.18597710
87.58894348  0.13780112
87.68899536  -0.13505032
87.78904724  0.05104916
87.88909912  0.05032511
87.98915100  0.08206303
88.08920288  0.03850269
88.18924713  -0.23617223
88.28929901  0.28638521
88.38935852  0.06176843
88.48941040  -0.22014130
88.58946228  0.42160591
88.68950653  -0.24340689
88.78955841  0.63335971
88.88961029  -0.01791448
88.98965454  -0.00917075
89.08970642  0.25878230
89.18976593  -0.13353969
89.28981781  0.08133662
89.38986969  0.00378377
89.48991394  0.35352631
89.58996582  -0.18130369
89.69001770  0.05613604
89.79006958  0.16971665
89.89012146  -0.06038602
89.99017334  0.03765484
90.09022522  -0.27004543
90.19027710  0.24493170
90.29032898  -0.24907822
90.39038086  -0.03889017
90.49042511  -0.02728062
90.59047699  -0.08861262
90.69052887  0.04491835
90.79058838  0.04805771
90.89064026  -0.17259738
90.99068451  -0.00073147
91.09073639  0.13627895
91.19078827  -0.34770875
91.29083252  -0.13851478
91.39088440  0.24849903
91.49094391  -0.25020105
91.59099579  -0.01551274
91.69104004  0.00026342
91.79109192  -0.00947313
91.89113617  -0.07067430
91.99119568  -0.18665292
92.09125519  -0.06346472
92.19129944  0.12281867
92.29135132  -0.38421954
92.39139557  0.15542577
92.49145508  0.05563085
92.59149170  0.10831559
92.69155884  -0.22416758
92.79160309  0.00632502
92.89165497  -0.01393066
92.99171448  -0.10161756
93.09175110  -0.12994897
93.19181824  -0.06719543
93.29185486  0.11181848
93.39191437  -0.14478337
93.49196625  -0.37147395
93.59201050  0.03498903
93.69207764  0.18154174
93.79211426  -0.07999548
93.89217377  -0.19769026
93.99221802  0.24791132
94.09226990  0.16570427
94.19231415  0.39073979
94.29237366  -0.09661378
94.39243317  0.43156449
94.49247742  -0.09018843
94.59252930  0.31581010
94.69257355  0.00870791
94.79263306  -0.00072941
94.89266968  0.22959991
94.99273682  0.09026119
95.09278107  -0.04352553
95.19283295  0.06126210
95.29289246  -0.07431482
95.39292908  -0.07275552
95.49299622  0.01152566
95.59303284  -0.09917711
95.69309235  -0.11269542
95.79313660  -0.16756641
95.89318848  -0.15223669
95.99325562  -0.11213626
96.09329224  -0.14902205
96.19335175  -0.02657621
96.29339600  0.14884634
96.39344788  -0.04484792
96.49349213  0.04892559
96.59355164  0.08187113
96.69361115  -0.16655234
96.79365540  0.08397182
96.89370728  0.16371135
96.99375153  0.07433812
97.09381104  0.14654723
97.19384766  -0.13621458
97.29391479  -0.12154144
97.39395905  0.41268940
97.49401093  0.11365144
97.59407043  0.00110644
97.69410706  -0.05412163
97.79417419  0.28224303
97.89421082  -0.04483749
97.99427032  -0.11139808
98.09431458  -0.08638113
98.19436646  0.12835218
98.29443359  0.15117552
98.39447021  0.11176604
98.49452972  0.08125362
98.59457397  0.03462980
98.69462585  -0.03533173
98.79467010  0.20661479
98.89472961  -0.28174949
98.99478912  -0.08796619
99.09483337  0.05636240
99.19488525  -0.18046253
99.29492950  0.02347369
99.39498901  -0.20309589
99.49502563  -0.00608406
99.59509277  -0.48708693
99.69513702  0.07287896
99.79518890  -0.00113422
99.89524841  -0.65967591
99.99528503  -0.12140269
100.09535217  -0.38163491
100.19538879  -0.22880711
100.29544830  -0.52354406
100.39549255  -0.15853508
100.49554443  -0.38396715
100.59561157  -0.21918494
100.69564819  -0.37863103
100.79570770  -0.51196964
100.89575195  0.26335506
100.99580383  -0.25002220
101.09584808  0.30421919
101.19590759  -0.01126573
101.29596710  0.10727040
101.39601135  0.18986094
101.49606323  0.25207325
101.59610748  0.19361781
101.69616699  0.38636607
101.79620361  0.54805390
101.89627075  0.28114095
101.99631500  0.71739406
102.09636688  0.57633398
102.19642639  0.27813906
102.29646301  0.19693100
102.39653015  0.78134053
102.49656677  0.01403328
102.59662628  0.67991919
102.69667053  0.47344433
102.79672241  -0.19056285
102.89678955  0.54121239
102.99682617  0.31133947
103.09688568  -0.01985826
103.19692993  0.32120027
103.29698181  0.12110233
103.39702606  -0.11696045
103.49708557  0.07531467
103.59713745  0.17264750
103.69718933  -0.00621587
103.79724121  -0.23432218
103.89728546  0.14405143
103.99734497  -0.05504422
104.09738159  -0.35951518
104.19744873  -0.26641339
104.29749298  -0.11238364
104.39754486  -0.11579044
104.49760437  -0.73193713
104.59764099  -0.53910186
104.69770813  -0.42246279
104.79774475  -0.48058741
104.89780426  -0.88161096
104.99784851  -0.42489518
105.09790039  -0.63518488
105.19796753  -0.51850694
105.29800415  -0.39756533
105.39806366  -0.40300966
105.49810791  -0.07797016
105.59815979  0.09327964
105.69820404  -0.08561257
105.79826355  -0.03796475
105.89831543  -0.03248938
105.99836731  0.15289120
106.09841919  0.34396877
106.19846344  0.44997515
106.29852295  0.37334170
106.39855957  0.54176469
106.49862671  0.04675563
106.59867096  0.45975555
106.69872284  0.38464999
106.79878235  0.42550435
106.89881897  0.31070987
106.99888611  0.79311466
107.09892273  0.13765376
107.19898224  0.51958424
107.29902649  0.47660013
107.39907837  0.49470011
107.49914551  0.08863640
107.59918213  -0.01838920
107.69924164  -0.16342134
107.79928589  -0.10630525
107.89933777  -0.63424223
107.99938202  -0.61300485
108.09944153  -0.67569247
108.19949341  -1.04256581
108.29954529  -0.88717689
108.39959717  -0.98974708
108.49964142  -1.13369678
108.59970093  -0.85169406
108.69973755  -1.02923626
108.79980469  -0.87719334
108.89984894  -0.63111957
108.99990082  -0.60570114
109.09996033  -0.41257627
109.19999695  -0.38649790
109.30006409  -0.34616344
109.40010071  -0.10753360
109.50016022  -0.39457545
109.60020447  0.06168836
109.70025635  0.13324923
109.80032349  0.49532246
109.90036011  0.54253011
110.00041962  0.61568546
110.10046387  1.02351791
110.20051575  1.31672524
110.30056000  1.55711004
110.40061951  1.73971796
110.50067139  2.20208073
110.60072327  2.25976875
110.70077515  2.88288764
110.80081940  3.12518183
110.90087891  2.66439379
111.00091553  2.54211009
111.10098267  2.05796847
111.20101929  1.22345131
111.30107880  1.23850488
111.40113831  0.92973725
111.50117493  0.87000668
111.60124207  0.99247041
111.70127869  1.18965216
111.80133820  1.48751732
111.90138245  1.19232439
112.00143433  0.70290380
112.10150146  0.76502810
112.20153809  -0.31577223
112.30159760  -1.37952545
112.40164185  -2.64419886
112.50169373  -4.30825404
112.60173798  -6.33774962
112.70179749  -7.91656940
112.80184937  -9.83986464
112.90190125  -10.37149327
113.00195312  -10.67933474
113.10199738  -9.39342369
113.20205688  -8.06655855
113.30209351  -3.76786971
113.40216064  1.79665670
113.50219727  6.15866633
113.60225677  6.73808156
113.70231628  3.80094014
113.80235291  -0.12060663
113.90242004  -0.83118058
114.00245667  -0.09627512
114.10251617  0.55555936
114.20256042  1.77131239
114.30261230  2.06701829
114.40267944  1.99828126
114.50271606  1.64670599
114.60277557  1.02699389
114.70281982  0.88081405
114.80287170  0.93043276
114.90291595  1.14947235
115.00297546  2.78159457
115.10302734  5.22804252
115.20307922  7.61249994
115.30313110  10.03123414
115.40317535  9.17872125
115.50323486  6.03474189
115.60327148  2.22998730
115.70333862  -0.43195910
115.80337524  -1.47017312
115.90343475  -0.85760763
116.00349426  0.92578457
116.10353088  2.87879952
116.20359802  3.39268566
116.30363464  2.81173677
116.40369415  2.04318165
116.50373840  1.30296353
116.60379028  0.65188492
116.70385742  0.21957674
116.80389404  0.03957238
116.90395355  0.00325496
117.00399780  0.00015626
117.10404968  0.00000000
117.20409393  0.00000000
117.30415344  0.00000000
117.40420532  0.00000000
117.50425720  0.00000000
117.60430908  0.00000000
117.70435333  0.00000000
117.80441284  0.00000000
117.90444946  0.00000000
118.00451660  0.00000000
118.10455322  0.00000000
118.20461273  0.00000000
118.30467224  0.00000000
118.40470886  0.00000000
118.50477600  0.00000000
118.60481262  0.00000000
118.70487213  0.00000000
118.80491638  0.00000000
118.90496826  0.00000000
